Year,Population,Male%,Female%,Population_change
2009,4533.4,49.79,50.21,48.3
2010,4554.8,49.67,50.33,21.4
2011,4574.9,49.63,50.37,20.1
2012,4593.7,49.52,50.48,18.8
2013,4614.7,49.54,50.46,21
2014,4645.4,49.49,50.51,30.8
2015,4687.8,49.44,50.56,42.3
2016,4739.6,49.51,50.49,51.8
2017,4792.5,49.50,50.50,52.9
2018,4857,49.53,50.47,64.5
